1 0.0748
2 0.1467
3 0.22368333333333335
4 0.2583166666666667
5 0.2793
6 0.2961
7 0.3128166666666667
8 0.3287
9 0.34245
10 0.35733333333333334
11 0.3732333333333333
12 0.39258333333333334
13 0.4162
14 0.43633333333333335
15 0.4579666666666667
16 0.47558333333333336
17 0.48988333333333334
18 0.5020333333333333
19 0.5153166666666666
20 0.5311666666666667
21 0.5496833333333333
22 0.5714833333333333
23 0.5923833333333334
24 0.61355
25 0.6307
26 0.6459
27 0.6590833333333334
28 0.6716333333333333
29 0.6819666666666667
30 0.6926333333333333
31 0.7023833333333334
32 0.7106833333333333
33 0.7181
34 0.7253666666666667
35 0.7314
36 0.7366
37 0.7422166666666666
38 0.7469166666666667
39 0.7516
40 0.7562166666666666
41 0.7604666666666666
42 0.7648
43 0.7685333333333333
44 0.7722166666666667
45 0.77565
46 0.7788833333333334
47 0.7817166666666666
48 0.7844
49 0.7871833333333333
50 0.7897
51 0.79225
52 0.7945666666666666
53 0.7967166666666666
54 0.79895
55 0.8011333333333334
56 0.80295
57 0.8048
58 0.8066333333333333
59 0.80835
60 0.8105833333333333
61 0.8121166666666667
62 0.81355
63 0.8150166666666666
64 0.8168333333333333
65 0.8183
66 0.8196833333333333
67 0.82085
68 0.82245
69 0.82365
70 0.8248666666666666
71 0.8261
72 0.8269833333333333
73 0.8282666666666667
74 0.8294833333333334
75 0.8309333333333333
76 0.8321
77 0.8332166666666667
78 0.8342333333333334
79 0.8353333333333334
80 0.83655
81 0.8374166666666667
82 0.8382166666666667
83 0.8390666666666666
84 0.8399333333333333
85 0.8408333333333333
86 0.84165
87 0.8426333333333333
88 0.8436333333333333
89 0.8443666666666667
90 0.8451833333333333
91 0.8459666666666666
92 0.8467
93 0.8473166666666667
94 0.8481
95 0.84875
96 0.8499
97 0.8505666666666667
98 0.8515166666666667
99 0.85215
100 0.8529
101 0.85375
102 0.8543666666666667
103 0.8550666666666666
104 0.8557666666666667
105 0.8563666666666667
106 0.8569666666666667
107 0.8577
108 0.8581333333333333
109 0.8587833333333333
110 0.85935
111 0.8599
112 0.8604666666666667
113 0.8609833333333333
114 0.8614166666666667
115 0.8619166666666667
116 0.8621833333333333
117 0.8625666666666667
118 0.86295
119 0.8633833333333333
120 0.8639666666666667
121 0.8645166666666667
122 0.8648666666666667
123 0.8651166666666666
124 0.8655666666666667
125 0.86605
126 0.8664333333333334
127 0.86685
128 0.8673333333333333
129 0.8677666666666667
130 0.8681833333333333
131 0.8686833333333334
132 0.86895
133 0.8694333333333333
134 0.8698
135 0.8700666666666667
136 0.8704166666666666
137 0.8706333333333334
138 0.8710833333333333
139 0.8713833333333333
140 0.87165
141 0.87185
142 0.8720333333333333
143 0.8723833333333333
144 0.8727166666666667
145 0.8731333333333333
146 0.8736166666666667
147 0.87395
148 0.87425
149 0.8745
150 0.8747833333333334
151 0.8749666666666667
152 0.8751666666666666
153 0.8753333333333333
154 0.8755166666666667
155 0.87575
156 0.8761333333333333
157 0.8764333333333333
158 0.8767
159 0.8769333333333333
160 0.8770666666666667
161 0.8772166666666666
162 0.8774166666666666
163 0.8777
164 0.8780166666666667
165 0.8782833333333333
166 0.8786333333333334
167 0.8789
168 0.8792333333333333
169 0.8795
170 0.87965
171 0.87995
172 0.8802
173 0.8803666666666666
174 0.8806
175 0.8808666666666667
176 0.8811666666666667
177 0.88135
178 0.8815333333333333
179 0.8817333333333334
180 0.8818333333333334
181 0.8819833333333333
182 0.8821166666666667
183 0.88235
184 0.8825666666666667
185 0.8826833333333334
186 0.8830333333333333
187 0.8831666666666667
188 0.88345
189 0.8836833333333334
190 0.88385
191 0.8841166666666667
192 0.8842666666666666
193 0.8844
194 0.8845666666666666
195 0.88475
196 0.88485
197 0.8849666666666667
198 0.8853166666666666
199 0.8854333333333333
200 0.8856666666666667
201 0.8857833333333334
202 0.88595
203 0.8861166666666667
204 0.88645
205 0.8868166666666667
206 0.8870166666666667
207 0.88715
208 0.8873166666666666
209 0.8874666666666666
210 0.8875333333333333
211 0.8877
212 0.8878333333333334
213 0.8879666666666667
214 0.8881333333333333
215 0.8882833333333333
216 0.8884833333333333
217 0.8886833333333334
218 0.8888
219 0.8888833333333334
220 0.8890666666666667
221 0.8893333333333333
222 0.8895
223 0.8896333333333334
224 0.8898
225 0.8899166666666667
226 0.89005
227 0.8902333333333333
228 0.8903666666666666
229 0.89055
230 0.89065
231 0.8907833333333334
232 0.8909833333333333
233 0.8912
234 0.89145
235 0.89165
236 0.89175
237 0.89185
238 0.8919833333333334
239 0.8920833333333333
240 0.8921833333333333
241 0.8923
242 0.8924
243 0.8925833333333333
244 0.89265
245 0.8927833333333334
246 0.8928666666666667
247 0.8930166666666667
248 0.8931666666666667
249 0.8933166666666666
250 0.8933333333333333
251 0.8935333333333333
252 0.89365
253 0.8938
254 0.8939166666666667
255 0.894
256 0.8940166666666667
257 0.8941166666666667
258 0.8942333333333333
259 0.8943333333333333
260 0.8943833333333333
261 0.8944833333333333
262 0.8945833333333333
263 0.8946833333333334
264 0.8948
265 0.8948166666666667
266 0.8949666666666667
267 0.8950666666666667
268 0.8950833333333333
269 0.8952333333333333
270 0.8952833333333333
271 0.8953
272 0.8954166666666666
273 0.8954333333333333
274 0.8955666666666666
275 0.8956833333333334
276 0.8958166666666667
277 0.8959666666666667
278 0.8960166666666667
279 0.8960833333333333
280 0.89615
281 0.89625
282 0.8962833333333333
283 0.8963833333333333
284 0.8964666666666666
285 0.8965833333333333
286 0.8967333333333334
287 0.8968
288 0.897
289 0.8971
290 0.8972166666666667
291 0.8972166666666667
292 0.8972833333333333
293 0.89745
294 0.8975333333333333
295 0.8976166666666666
296 0.8977333333333334
297 0.8977833333333334
298 0.8978166666666667
299 0.8979
300 0.8980333333333334
301 0.8981333333333333
302 0.8982
303 0.89825
304 0.8983666666666666
305 0.8984166666666666
306 0.8984833333333333
307 0.8986666666666666
308 0.89875
309 0.8989
310 0.89895
311 0.8989833333333334
312 0.8990166666666667
313 0.8991666666666667
314 0.8992333333333333
315 0.8993166666666667
316 0.8994
317 0.89945
318 0.8996
319 0.8996333333333333
320 0.8998166666666667
321 0.89985
322 0.8999
323 0.8999666666666667
324 0.9000666666666667
325 0.90015
326 0.9002666666666667
327 0.9002833333333333
328 0.9003
329 0.90035
330 0.90045
331 0.9005166666666666
332 0.9005833333333333
333 0.9006166666666666
334 0.9007
335 0.9008166666666667
336 0.9008833333333334
337 0.9010833333333333
338 0.90115
339 0.9012333333333333
340 0.9013
341 0.9013666666666666
342 0.9015333333333333
343 0.9015833333333333
344 0.9016666666666666
345 0.9017
346 0.9017166666666667
347 0.9017833333333334
348 0.90185
349 0.90185
350 0.90195
351 0.9020333333333334
352 0.9020833333333333
353 0.9021666666666667
354 0.9022
355 0.90225
356 0.9023166666666667
357 0.9023166666666667
358 0.90235
359 0.9024
360 0.9024
361 0.9024666666666666
362 0.9025666666666666
363 0.9026333333333333
364 0.9028
365 0.9028333333333334
366 0.9028666666666667
367 0.9029666666666667
368 0.9030166666666667
369 0.9030333333333334
370 0.9030833333333333
371 0.9031333333333333
372 0.9031666666666667
373 0.9032333333333333
374 0.9033
375 0.9034333333333333
376 0.90345
377 0.90355
378 0.9036666666666666
379 0.9037
380 0.9037333333333334
381 0.9038333333333334
382 0.90385
383 0.9038833333333334
384 0.9039666666666667
385 0.9040833333333333
386 0.9041
387 0.9041333333333333
388 0.9042166666666667
389 0.9042666666666667
390 0.9043
391 0.9043833333333333
392 0.90445
393 0.9044333333333333
394 0.9044666666666666
395 0.9044666666666666
396 0.9044666666666666
397 0.9045166666666666
398 0.90455
399 0.9045833333333333
400 0.9046333333333333
401 0.9047166666666666
402 0.9047833333333334
403 0.9048166666666667
404 0.9049333333333334
405 0.9049333333333334
406 0.9049833333333334
407 0.90505
408 0.9051
409 0.90515
410 0.9052166666666667
411 0.9052666666666667
412 0.9053666666666667
413 0.90545
414 0.90545
415 0.9054833333333333
416 0.9054833333333333
417 0.9054166666666666
418 0.9053833333333333
419 0.9054833333333333
420 0.9055333333333333
421 0.90565
422 0.9057333333333333
423 0.9058166666666667
424 0.9058333333333334
425 0.9058666666666667
426 0.9058666666666667
427 0.9058833333333334
428 0.9059
429 0.9059
430 0.9059666666666667
431 0.9060333333333334
432 0.9061
433 0.9061833333333333
434 0.9062666666666667
435 0.9062666666666667
436 0.9063666666666667
437 0.90645
438 0.9064833333333333
439 0.9065333333333333
440 0.9066166666666666
441 0.9066833333333333
442 0.9067
443 0.9067166666666666
444 0.9068166666666667
445 0.9068166666666667
446 0.9068666666666667
447 0.9068833333333334
448 0.9069166666666667
449 0.90695
450 0.907
451 0.9070166666666667
452 0.90705
453 0.9070666666666667
454 0.9071833333333333
455 0.9072166666666667
456 0.90725
457 0.9073166666666667
458 0.90735
459 0.9074333333333333
460 0.9074833333333333
461 0.9075
462 0.9075166666666666
463 0.9075166666666666
464 0.9075833333333333
465 0.90765
466 0.9077
467 0.9077333333333333
468 0.9078166666666667
469 0.9079166666666667
470 0.90795
471 0.9079833333333334
472 0.9080166666666667
473 0.90805
474 0.9080333333333334
475 0.9081166666666667
476 0.90815
477 0.9082166666666667
478 0.9082833333333333
479 0.9082833333333333
480 0.9083
481 0.90835
482 0.9083166666666667
483 0.9083333333333333
484 0.9084
485 0.9084
486 0.9084666666666666
487 0.9085166666666666
488 0.9086
489 0.9086833333333333
490 0.90875
491 0.9087666666666666
492 0.9088
493 0.9088333333333334
494 0.9088833333333334
495 0.9089
496 0.90895
497 0.9089833333333334
498 0.9089833333333334
499 0.9090333333333334
500 0.9090666666666667
