10 0.7605333333333333
20 0.8895333333333333
30 0.8979333333333334
40 0.9131333333333334
50 0.9194166666666667
60 0.9248333333333333
70 0.9281666666666667
80 0.9307833333333333
90 0.9323
100 0.9341333333333334
110 0.9356333333333333
120 0.93625
130 0.9369333333333333
140 0.9372833333333334
150 0.9377166666666666
160 0.9380666666666667
170 0.9383333333333334
180 0.9384833333333333
190 0.93875
200 0.9391
210 0.9394666666666667
220 0.9395
230 0.9394833333333333
240 0.9399333333333333
250 0.9403833333333333
260 0.9405333333333333
270 0.9405833333333333
280 0.9408
290 0.9407166666666666
300 0.9407666666666666
310 0.9409333333333333
320 0.9409666666666666
330 0.9411
340 0.9410333333333334
350 0.9411333333333334
360 0.9413666666666667
370 0.9414833333333333
380 0.9416166666666667
390 0.9417166666666666
400 0.9417666666666666
410 0.9417833333333333
420 0.9418333333333333
430 0.9418333333333333
440 0.9419833333333333
450 0.9420333333333333
460 0.9421
470 0.9423
480 0.9423
490 0.9423166666666667
500 0.9423166666666667
